42
18
35
401
270
425
229
109
413
246
332
178
296
243
328
37
442
303
154
293
233
322
267
48
127
70
113
200
386
445
412
46
273
184
124
165
62
354
119
348
49
195
263
358
120
238
80
329
336
100
43
289
407
41
393
105
365
44
406
71
51
157
52
94
399
280
24
235
155
307
141
177
209
295
40
327
74
389
369
283
342
135
167
334
66
140
409
205
31
28
172
149
150
57
174
337
72
396
375
173
421
430
228
274
148
313
137
241
162
187
306
256
275
432
353
351
251
292
125
17
281
58
8
88
158
138
304
34
96
360
260
309
372
139
123