Original: 
2, 2, 4, 6, 10, 16, 26, 42, 68, 110, 178, 288, 466, 754, 1220, 

Random Number: 4  EndNode: 178
2, 2, 4, 6, 10, 16, 26, 42, 68, 110, 42, 152, 194, 346, 540, 

Random Number: 5  EndNode: 110
2, 2, 4, 6, 10, 16, 26, 42, 68, 26, 94, 120, 214, 334, 

Random Number: 3  EndNode: 94
2, 2, 4, 6, 10, 16, 26, 42, 68, 26, 42, 68, 110, 178, 288, 

Random Number: 1  EndNode: 178
2, 2, 4, 6, 10, 16, 26, 42, 68, 26, 42, 68, 110, 42, 152, 194, 346, 540, 

Random Number: 3  EndNode: 152
2, 2, 4, 6, 10, 16, 26, 42, 68, 26, 42, 68, 110, 42, 68, 110, 178, 288, 466, 

Random Number: 3  EndNode: 110
2, 2, 4, 6, 10, 16, 26, 42, 68, 26, 42, 68, 110, 42, 68, 110, 178, 288, 466, 754, 

Random Number: 2  EndNode: 288
2, 2, 4, 6, 10, 16, 26, 42, 68, 26, 42, 68, 110, 42, 68, 110, 178, 68, 246, 314, 560, 874, 

Random Number: 1  EndNode: 560
2, 2, 4, 6, 10, 16, 26, 42, 68, 26, 42, 68, 110, 42, 68, 110, 178, 68, 246, 314, 68, 382, 450, 832, 1282, 

Random Number: 3  EndNode: 382
2, 2, 4, 6, 10, 16, 26, 42, 68, 26, 42, 68, 110, 42, 68, 110, 178, 68, 246, 314, 68, 246, 314, 560, 874, 1434, 

Random Number: 2  EndNode: 560
2, 2, 4, 6, 10, 16, 26, 42, 68, 26, 42, 68, 110, 42, 68, 110, 178, 68, 246, 314, 68, 246, 314, 68, 382, 450, 832, 1282, 

Random Number: 4  EndNode: 68
2, 2, 4, 6, 10, 16, 26, 42, 68, 26, 42, 68, 110, 42, 68, 110, 178, 68, 246, 314, 68, 246, 314, 68, 382, 450, 832, 1282, 

Random Number: 5  EndNode: 314
2, 2, 4, 6, 10, 16, 26, 42, 68, 26, 42, 68, 110, 42, 68, 110, 178, 68, 246, 314, 68, 246, 314, 560, 874, 1434, 2308, 

Random Number: 4  EndNode: 314
2, 2, 4, 6, 10, 16, 26, 42, 68, 26, 42, 68, 110, 42, 68, 110, 178, 68, 246, 314, 68, 246, 314, 560, 874, 1434, 2308, 

Random Number: 2  EndNode: 874
2, 2, 4, 6, 10, 16, 26, 42, 68, 26, 42, 68, 110, 42, 68, 110, 178, 68, 246, 314, 68, 246, 314, 560, 246, 806, 1052, 1858, 2910, 

Random Number: 3  EndNode: 806
2, 2, 4, 6, 10, 16, 26, 42, 68, 26, 42, 68, 110, 42, 68, 110, 178, 68, 246, 314, 68, 246, 314, 560, 246, 314, 560, 874, 1434, 2308, 

